D:\anaconda\python.exe D:\RMAB\RMAB-project\SWITCH\WITTLE_INDEX_CLASS.py 
D:\RMAB\RMAB-project\SWITCH\WITTLE_INDEX_CLASS.py:21: DeprecationWarning: Calling np.sum(generator) is deprecated, and in the future will give a different result. Use np.sum(np.fromiter(generator)) or the python sum builtin instead.
  WI[s] = R1[s]+np.sum(ptran[1][s][j] * Q[j] for j in range(self.vs)) - R0[s] - np.sum(ptran[0][s][j] * Q[j] for j in range(self.vs))
D:\RMAB\RMAB-project\SWITCH\WITTLE_INDEX_CLASS.py:24: DeprecationWarning: Calling np.sum(generator) is deprecated, and in the future will give a different result. Use np.sum(np.fromiter(generator)) or the python sum builtin instead.
  Q[_s] = np.max([R1[_s]-WI[s]+self.gamma*np.sum(ptran[1][_s][j] * Q[j] for j in range(self.vs)),R0[_s] + self.gamma*np.sum(ptran[0][_s][j] * Q[j] for j in range(self.vs))])
array([[-0.00878794, -0.04      , -0.08      , -0.12      , -0.16      ,
        -0.2       ],
       [ 0.00222092, -0.04      , -0.08      , -0.12      , -0.16      ,
        -0.2       ],
       [-0.00033025, -0.04      , -0.08      , -0.12      , -0.16      ,
        -0.2       ],
       [ 0.00184576, -0.04      , -0.08      , -0.12      , -0.16      ,
        -0.2       ],
       [ 0.00616671, -0.04      , -0.08      , -0.12      , -0.16      ,
        -0.2       ],
       [ 0.0220002 , -0.04      , -0.08      , -0.12      , -0.16      ,
        -0.2       ],
       [ 0.05758823, -0.04      , -0.08      , -0.12      , -0.16      ,
        -0.2       ],
       [ 0.07754478, -0.04      , -0.08      , -0.12      , -0.16      ,
        -0.2       ],
       [ 0.09785584, -0.04      , -0.08      , -0.12      , -0.16      ,
        -0.2       ],
       [ 0.13872703, -0.04      , -0.08      , -0.12      , -0.16      ,
        -0.2       ],
       [ 0.16619429, -0.04      , -0.08      , -0.12      , -0.16      ,
        -0.2       ],
       [ 0.20320917, -0.04      , -0.08      , -0.12      , -0.16      ,
        -0.2       ],
       [ 0.2206763 , -0.04      , -0.08      , -0.12      , -0.16      ,
        -0.2       ],
       [ 0.30162781, -0.04      , -0.08      , -0.12      , -0.16      ,
        -0.2       ],
       [ 0.26154271, -0.04      , -0.08      , -0.12      , -0.16      ,
        -0.2       ],
       [ 0.26215917, -0.04      , -0.08      , -0.12      , -0.16      ,
        -0.2       ],
       [ 0.28112688, -0.04      , -0.08      , -0.12      , -0.16      ,
        -0.2       ],
       [ 0.26058132, -0.04      , -0.08      , -0.12      , -0.16      ,
        -0.2       ],
       [ 0.29160747, -0.04      , -0.08      , -0.12      , -0.16      ,
        -0.2       ],
       [ 0.25690958, -0.04      , -0.08      , -0.12      , -0.16      ,
        -0.2       ],
       [ 0.19929629, -0.04      , -0.08      , -0.12      , -0.16      ,
        -0.2       ]])
array([[-0.00115628, -0.04101707, -0.08      , -0.12      , -0.16      ,
        -0.2       ],
       [-0.00133439, -0.04088677, -0.08      , -0.12      , -0.16      ,
        -0.2       ],
       [-0.00061961, -0.04172654, -0.10795045, -0.12      , -0.16      ,
        -0.2       ],
       [-0.00043001, -0.04044869, -0.1266464 , -0.12      , -0.16      ,
        -0.2       ],
       [ 0.00673685, -0.03799806, -0.11536889, -0.12      , -0.16      ,
        -0.2       ],
       [ 0.02608185, -0.02043805, -0.08      , -0.12      , -0.16      ,
        -0.2       ],
       [ 0.05626124,  0.01744079, -0.08      , -0.12      , -0.16      ,
        -0.2       ],
       [ 0.08458039,  0.05118654, -0.08      , -0.12      , -0.16      ,
        -0.2       ],
       [ 0.11349502,  0.07137861, -0.08      , -0.12      , -0.16      ,
        -0.2       ],
       [ 0.14145359,  0.10104448, -0.42595667, -0.12      , -0.16      ,
        -0.2       ],
       [ 0.17127975,  0.13283877,  0.04661291, -0.12      , -0.16      ,
        -0.2       ],
       [ 0.20472175,  0.16414931, -0.08      , -0.12      , -0.16      ,
        -0.2       ],
       [ 0.23791839,  0.21080378, -0.08      , -0.12      , -0.16      ,
        -0.2       ],
       [ 0.28281952,  0.24861883, -0.08      , -0.12      , -0.16      ,
        -0.2       ],
       [ 0.28193768,  0.24633444, -0.08      , -0.12      , -0.16      ,
        -0.2       ],
       [ 0.28022668,  0.23577403, -0.08      , -0.12      , -0.16      ,
        -0.2       ],
       [ 0.28077333,  0.24815942, -0.08      , -0.12      , -0.16      ,
        -0.2       ],
       [ 0.28278333,  0.24226887, -0.08      , -0.12      , -0.16      ,
        -0.2       ],
       [ 0.27561886,  0.22910236, -0.08      , -0.12      , -0.16      ,
        -0.2       ],
       [ 0.24851172,  0.21397167, -0.08      , -0.12      , -0.16      ,
        -0.2       ],
       [ 0.20311954,  0.16613897, -0.08      , -0.12      , -0.16      ,
        -0.2       ]])
array([[-0.00190787, -0.04127644, -0.08388282, -0.12432575, -0.16      ,
        -0.2       ],
       [-0.00142884, -0.04017217, -0.08368704, -0.13216707, -0.16      ,
        -0.2       ],
       [-0.00199761, -0.04141441, -0.08629018, -0.12      , -0.16      ,
        -0.2       ],
       [-0.00171553, -0.04097952, -0.08925681, -0.12      , -0.16      ,
        -0.2       ],
       [ 0.00163204, -0.03716648, -0.09074757, -0.12      , -0.16      ,
        -0.2       ],
       [ 0.02183883, -0.01884055, -0.07488025, -0.20031928, -0.16      ,
        -0.2       ],
       [ 0.05376137,  0.01341962, -0.05009926, -0.22146907, -0.16      ,
        -0.2       ],
       [ 0.06820379,  0.04268273,  0.00251394, -0.12      , -0.16      ,
        -0.2       ],
       [ 0.12612238,  0.07395328,  0.02907304, -0.12      , -0.16      ,
        -0.2       ],
       [ 0.13927472,  0.10155206,  0.05877807, -0.12      , -0.16      ,
        -0.2       ],
       [ 0.17159482,  0.13837928,  0.09472739, -0.12      , -0.16      ,
        -0.2       ],
       [ 0.20019431,  0.16576851,  0.11692785, -0.12      , -0.16      ,
        -0.2       ],
       [ 0.21125738,  0.19914419,  0.17115795, -0.12      , -0.16      ,
        -0.2       ],
       [ 0.29572393,  0.24313486,  0.23567476, -0.12      , -0.16      ,
        -0.2       ],
       [ 0.31949389,  0.24476797,  0.15140415, -0.12      , -0.16      ,
        -0.2       ],
       [ 0.2531317 ,  0.24020209,  0.23123562, -0.12      , -0.16      ,
        -0.2       ],
       [ 0.25923856,  0.24206306,  0.19280565, -0.12      , -0.16      ,
        -0.2       ],
       [ 0.29640252,  0.2318582 ,  0.20624955, -0.12      , -0.16      ,
        -0.2       ],
       [ 0.25713138,  0.23733566,  0.15725888, -0.12      , -0.16      ,
        -0.2       ],
       [ 0.27556431,  0.21669856,  0.18366472, -0.12      , -0.16      ,
        -0.2       ],
       [ 0.21515002,  0.1639168 ,  0.14268959, -0.12      , -0.16      ,
        -0.2       ]])
array([[-9.59052487e-03, -4.25629510e-02, -8.13568737e-02,
        -1.30521357e-01, -1.60000000e-01, -2.00000000e-01],
       [-1.76679559e-03, -3.93428166e-02, -8.23942461e-02,
        -1.37484874e-01, -1.60000000e-01, -2.00000000e-01],
       [ 1.74034881e-04, -4.00210222e-02, -8.75136713e-02,
        -1.87942212e-01, -1.60000000e-01, -2.00000000e-01],
       [ 2.35209419e-02, -4.03729249e-02, -7.85952826e-02,
        -1.20000000e-01, -1.60000000e-01, -2.00000000e-01],
       [ 1.07697573e-02, -3.46301894e-02, -8.10021971e-02,
        -1.20000000e-01, -1.60000000e-01, -2.00000000e-01],
       [ 7.66700190e-02, -1.50845848e-02, -6.85434492e-02,
        -1.21021889e-01, -1.60000000e-01, -2.00000000e-01],
       [ 5.95838928e-03,  9.12861844e-03, -3.45391278e-02,
        -1.31259476e-01, -1.60000000e-01, -2.00000000e-01],
       [ 8.73923377e-02,  4.32457936e-02,  5.53873216e-03,
        -5.21203037e-02, -1.60000000e-01, -2.00000000e-01],
       [ 9.10062798e-02,  7.48994171e-02,  2.35487662e-02,
        -1.20000000e-01, -1.60000000e-01, -2.00000000e-01],
       [ 1.54835487e-01,  9.73472595e-02,  6.64784774e-02,
        -1.20000000e-01, -1.60000000e-01, -2.00000000e-01],
       [ 6.20548230e-02,  1.36067734e-01,  8.95909814e-02,
        -1.20000000e-01, -1.60000000e-01, -2.00000000e-01],
       [ 2.56523456e-01,  1.63865395e-01,  1.29952458e-01,
        -1.20000000e-01, -1.60000000e-01, -2.00000000e-01],
       [ 2.10616879e-01,  1.77504787e-01,  1.47798595e-01,
        -1.20000000e-01, -1.60000000e-01, -2.00000000e-01],
       [ 1.37197396e-01,  2.46372297e-01,  2.03212837e-01,
        -1.20000000e-01, -1.60000000e-01, -2.00000000e-01],
       [ 3.11611103e-01,  2.25125580e-01,  1.81617574e-01,
        -1.20000000e-01, -1.60000000e-01, -2.00000000e-01],
       [ 1.90525840e-01,  2.53782795e-01,  2.18754081e-01,
        -1.20000000e-01, -1.60000000e-01, -2.00000000e-01],
       [ 3.65113618e-01,  2.11634770e-01,  1.85906455e-01,
        -1.20000000e-01, -1.60000000e-01, -2.00000000e-01],
       [ 2.26296906e-01,  2.47542476e-01,  2.06153206e-01,
        -1.20000000e-01, -1.60000000e-01, -2.00000000e-01],
       [ 0.00000000e+00,  2.52928094e-01,  1.88188915e-01,
        -1.20000000e-01, -1.60000000e-01, -2.00000000e-01],
       [ 0.00000000e+00,  1.79243871e-01,  1.93807405e-01,
        -1.20000000e-01, -1.60000000e-01, -2.00000000e-01],
       [ 0.00000000e+00,  1.90308110e-01,  1.23582765e-01,
        -1.20000000e-01, -1.60000000e-01, -2.00000000e-01]])
array([[ 0.        , -0.04      , -0.09004635, -0.12      , -0.16      ,
        -0.2       ],
       [ 0.        , -0.03711611, -0.10382414, -0.12      , -0.16      ,
        -0.2       ],
       [ 0.        , -0.03785966, -0.12510009, -0.12      , -0.16      ,
        -0.2       ],
       [ 0.        , -0.04      , -0.09941611, -0.12      , -0.16      ,
        -0.2       ],
       [ 0.        , -0.04      , -0.05547601, -0.12      , -0.16      ,
        -0.2       ],
       [ 0.        ,  0.07096833, -0.06101349, -0.12      , -0.16      ,
        -0.2       ],
       [ 0.        , -0.04      ,  0.00603322, -0.12      , -0.16      ,
        -0.2       ],
       [ 0.        ,  0.0706564 ,  0.00858897, -0.12      , -0.16      ,
        -0.2       ],
       [ 0.        ,  0.07439637,  0.04268268, -0.43265991, -0.16      ,
        -0.2       ],
       [ 0.        , -0.04      ,  0.08504693, -0.15438462, -0.16      ,
        -0.2       ],
       [ 0.        ,  0.12976291,  0.09773054,  0.05347461, -0.16      ,
        -0.2       ],
       [ 0.0831669 ,  0.13214504,  0.13949574,  0.07621623, -0.16      ,
        -0.2       ],
       [ 0.12858662,  0.1971314 ,  0.17716847,  0.15984563, -0.16      ,
        -0.2       ],
       [ 0.01865204,  0.25333101,  0.19580329,  0.11818684, -0.16      ,
        -0.2       ],
       [ 0.25644405,  0.25788618,  0.20408246,  0.19275865, -0.16      ,
        -0.2       ],
       [ 0.26288642,  0.23941959,  0.20245785,  0.14765318, -0.16      ,
        -0.2       ],
       [ 0.28061281,  0.23743869,  0.20450284,  0.17688276, -0.16      ,
        -0.2       ],
       [ 0.25849055,  0.23699636,  0.19363109,  0.14561968, -0.16      ,
        -0.2       ],
       [ 0.27043042,  0.22287388,  0.18257015,  0.15981757, -0.16      ,
        -0.2       ],
       [ 0.21838708,  0.17969013,  0.14283454,  0.10825751, -0.16      ,
        -0.2       ],
       [ 0.17213007,  0.13450056,  0.09745699,  0.06658989, -0.16      ,
        -0.2       ]])
array([[ 0.00000000e+00, -4.00000000e-02, -8.00000000e-02,
        -1.33387983e-01, -1.60000000e-01, -2.00000000e-01],
       [ 0.00000000e+00, -4.00000000e-02, -8.00000000e-02,
        -1.43852074e-01, -1.60000000e-01, -2.00000000e-01],
       [ 0.00000000e+00, -4.00000000e-02, -7.96512942e-02,
        -1.19944489e-01, -1.60000000e-01, -2.00000000e-01],
       [ 0.00000000e+00, -4.00000000e-02, -8.00000000e-02,
        -1.19853991e-01, -1.60291947e-01, -2.00000000e-01],
       [ 0.00000000e+00, -4.00000000e-02, -8.00000000e-02,
        -1.29077814e-01, -1.42334627e-01, -2.00000000e-01],
       [ 0.00000000e+00, -4.00000000e-02, -8.00000000e-02,
        -1.20000000e-01, -1.44397368e-01, -2.00000000e-01],
       [ 0.00000000e+00, -4.00000000e-02, -8.00000000e-02,
        -1.20000000e-01, -1.43300071e-01, -2.00000000e-01],
       [-8.88178420e-16, -4.00000000e-02, -8.00000000e-02,
        -1.20000000e-01, -1.57554941e-01, -2.00000000e-01],
       [ 0.00000000e+00, -4.00000000e-02, -8.00000000e-02,
        -1.01727922e-01, -2.23726618e-01, -2.00000000e-01],
       [ 0.00000000e+00, -4.00000000e-02, -8.00000000e-02,
        -1.83480255e-02, -1.60000000e-01, -2.00000000e-01],
       [ 0.00000000e+00, -4.00000000e-02, -8.00000000e-02,
        -1.24240710e-02, -1.60000000e-01, -2.00000000e-01],
       [ 0.00000000e+00, -4.00000000e-02, -8.00000000e-02,
         2.11777729e-01, -1.60000000e-01, -2.00000000e-01],
       [ 4.44089210e-16, -4.00000000e-02, -8.00000000e-02,
        -1.01051390e-01, -1.60000000e-01, -2.00000000e-01],
       [ 0.00000000e+00, -4.00000000e-02, -8.00000000e-02,
         2.64464017e-01,  1.73003402e-03, -2.00000000e-01],
       [ 0.00000000e+00, -4.00000000e-02, -8.00000000e-02,
        -3.74390088e-02,  2.36290608e-02, -2.00000000e-01],
       [ 0.00000000e+00, -4.00000000e-02, -8.00000000e-02,
         9.95497533e-02,  1.32703096e-01, -2.00000000e-01],
       [ 0.00000000e+00, -4.00000000e-02, -2.83638365e-02,
         1.55073816e-01,  1.19734614e-01, -2.00000000e-01],
       [-2.22044605e-16, -4.00000000e-02,  1.64147208e-01,
         1.32982409e-01,  1.05176269e-01, -2.00000000e-01],
       [ 0.00000000e+00, -4.00000000e-02,  1.60143900e-01,
         1.01879893e-01,  7.17021850e-02, -2.00000000e-01],
       [ 0.00000000e+00, -4.00000000e-02,  8.60061186e-02,
         5.19103731e-02,  2.85347726e-02, -2.00000000e-01],
       [ 0.00000000e+00, -4.00000000e-02,  4.69166046e-02,
         6.59047134e-02,  3.60819426e-02, -2.00000000e-01]])
array([[ 0.        , -0.04      , -0.08      , -0.12055673, -0.16124177,
        -0.20068626],
       [ 0.        , -0.04      , -0.08      , -0.11948176, -0.16384185,
        -0.20198749],
       [ 0.        , -0.04      , -0.08      , -0.12      , -0.15978199,
        -0.19974608],
       [ 0.        , -0.04      , -0.08      , -0.12      , -0.15503674,
        -0.19755853],
       [ 0.        , -0.04      , -0.08      , -0.12      , -0.15525383,
        -0.19704932],
       [ 0.        , -0.04      , -0.08      , -0.12      , -0.1342261 ,
        -0.18860724],
       [ 0.        , -0.04      , -0.08      , -0.12      , -0.10729861,
        -0.16869223],
       [ 0.        , -0.04      , -0.08      , -0.12      , -0.08365613,
        -0.12327839],
       [ 0.        , -0.04      , -0.08      , -0.11127105, -0.05342307,
        -0.12645114],
       [ 0.        , -0.04      , -0.08      , -0.04273111, -0.01694405,
        -0.2       ],
       [ 0.        , -0.04      , -0.08      , -0.02382127,  0.01550102,
        -0.2       ],
       [ 0.        , -0.04      , -0.08      ,  0.17429702,  0.04846809,
        -0.2       ],
       [ 0.        , -0.04      , -0.08      , -0.00179323,  0.07610874,
        -0.2       ],
       [ 0.        , -0.04      , -0.08      ,  0.16931228,  0.1256306 ,
        -0.2       ],
       [ 0.        , -0.04      , -0.08      , -0.45707548,  0.11566233,
        -0.2       ],
       [ 0.        , -0.04      , -0.08      ,  0.21454237,  0.09942909,
        -0.2       ],
       [ 0.        , -0.04      , -0.08      ,  0.08732613,  0.12203706,
        -0.2       ],
       [ 0.        , -0.04      , -0.08      , -0.10979329,  0.11204581,
        -0.2       ],
       [ 0.        , -0.04      , -0.08      ,  0.1705883 ,  0.11482723,
        -0.2       ],
       [ 0.        , -0.04      , -0.08      ,  0.15800727,  0.10381327,
        -0.2       ],
       [ 0.        , -0.04      , -0.08      ,  0.13350463,  0.04236746,
        -0.2       ]])
array([[ 0.00000000e+00, -4.00000000e-02, -8.00000000e-02,
        -1.20000000e-01, -1.60810911e-01, -2.01186849e-01],
       [ 0.00000000e+00, -4.00000000e-02, -8.00000000e-02,
        -1.20000000e-01, -1.60000000e-01, -2.01162907e-01],
       [ 0.00000000e+00, -4.00000000e-02, -8.00000000e-02,
        -1.20000000e-01, -1.60000000e-01, -1.99866766e-01],
       [ 0.00000000e+00, -4.00000000e-02, -8.00000000e-02,
        -1.20000000e-01, -1.60000000e-01, -1.97785951e-01],
       [ 0.00000000e+00, -4.00000000e-02, -8.00000000e-02,
        -1.20000000e-01, -1.60000000e-01, -1.94630851e-01],
       [ 0.00000000e+00, -4.00000000e-02, -8.00000000e-02,
        -1.20000000e-01, -8.34571079e-02, -1.81487000e-01],
       [ 0.00000000e+00, -4.00000000e-02, -8.00000000e-02,
        -1.20000000e-01, -9.58485740e-02, -1.60212536e-01],
       [ 0.00000000e+00, -4.00000000e-02, -8.00000000e-02,
        -1.20000000e-01, -7.28047721e-02, -1.31052905e-01],
       [ 0.00000000e+00, -4.00000000e-02, -8.00000000e-02,
        -1.20000000e-01, -5.05693457e-02, -8.62807166e-02],
       [ 0.00000000e+00, -4.00000000e-02, -8.00000000e-02,
        -1.20000000e-01, -1.19870241e-02, -6.94163199e-02],
       [ 0.00000000e+00, -4.00000000e-02, -8.00000000e-02,
        -1.20000000e-01, -4.50421082e-03, -2.78221016e-01],
       [ 0.00000000e+00, -4.00000000e-02, -8.00000000e-02,
        -1.20000000e-01,  4.81560739e-02, -2.00000000e-01],
       [-4.44089210e-16, -4.00000000e-02, -8.00000000e-02,
        -1.20000000e-01,  8.16046712e-02, -2.00000000e-01],
       [ 0.00000000e+00, -4.00000000e-02, -8.00000000e-02,
        -1.20000000e-01,  1.14728693e-01, -2.00000000e-01],
       [ 0.00000000e+00, -4.00000000e-02, -8.00000000e-02,
        -1.20000000e-01,  1.16838455e-01, -2.00000000e-01],
       [ 0.00000000e+00, -4.00000000e-02, -8.00000000e-02,
        -1.20000000e-01,  1.14721643e-01, -2.00000000e-01],
       [ 0.00000000e+00, -4.00000000e-02, -8.00000000e-02,
        -1.20000000e-01,  1.03400918e-01, -2.00000000e-01],
       [ 0.00000000e+00, -4.00000000e-02, -8.00000000e-02,
        -1.20000000e-01,  1.38238236e-01, -2.00000000e-01],
       [ 0.00000000e+00, -4.00000000e-02, -8.00000000e-02,
        -1.20000000e-01,  9.33424140e-02, -2.00000000e-01],
       [ 0.00000000e+00, -4.00000000e-02, -8.00000000e-02,
         2.29907722e-01,  1.01994231e-01, -2.00000000e-01],
       [ 0.00000000e+00, -4.00000000e-02, -8.00000000e-02,
         1.23593594e-01,  3.86890623e-02, -2.00000000e-01]])

