0
[-0.00276038 -0.04       -0.08       -0.12       -0.16       -0.2       ] 
[ 0.00225255 -0.04       -0.08       -0.12       -0.16       -0.2       ] 
[-0.00209303 -0.04       -0.08       -0.12       -0.16       -0.2       ] 
[-0.00215428 -0.04       -0.08       -0.12       -0.16       -0.2       ] 
[ 0.00094978 -0.04       -0.08       -0.12       -0.16       -0.2       ] 
[ 0.01711241 -0.04       -0.08       -0.12       -0.16       -0.2       ] 
[ 0.04580809 -0.04       -0.08       -0.12       -0.16       -0.2       ] 
[ 0.07508652 -0.04       -0.08       -0.12       -0.16       -0.2       ] 
[ 0.10422167 -0.04       -0.08       -0.12       -0.16       -0.2       ] 
[ 0.136668 -0.04     -0.08     -0.12     -0.16     -0.2     ] 
[ 0.16111663 -0.04       -0.08       -0.12       -0.16       -0.2       ] 
[ 0.18630914 -0.04       -0.08       -0.12       -0.16       -0.2       ] 
[ 0.21749822 -0.04       -0.08       -0.12       -0.16       -0.2       ] 
[ 0.28849783 -0.04       -0.08       -0.12       -0.16       -0.2       ] 
[ 0.27618975 -0.04       -0.08       -0.12       -0.16       -0.2       ] 
[ 0.28750471 -0.04       -0.08       -0.12       -0.16       -0.2       ] 
[ 0.27833962 -0.04       -0.08       -0.12       -0.16       -0.2       ] 
[ 0.29416621 -0.04       -0.08       -0.12       -0.16       -0.2       ] 
[ 0.28417447 -0.04       -0.08       -0.12       -0.16       -0.2       ] 
[ 0.34080246 -0.04       -0.08       -0.12       -0.16       -0.2       ] 
[ 0.25781457 -0.04       -0.08       -0.12       -0.16       -0.2       ] 
1
[-0.00151116 -0.0502378  -0.08       -0.12       -0.16       -0.2       ] 
[ 0.00228223 -0.0484416  -0.08       -0.12       -0.16       -0.2       ] 
[ 0.00140838 -0.04484164 -0.08       -0.12       -0.16       -0.2       ] 
[-0.00235231 -0.03381088 -0.08       -0.12       -0.16       -0.2       ] 
[ 0.00178314 -0.03048712 -0.08       -0.12       -0.16       -0.2       ] 
[ 0.01253447 -0.01239735 -0.08       -0.12       -0.16       -0.2       ] 
[ 0.0682781   0.01833219 -0.08       -0.12       -0.16       -0.2       ] 
[ 0.09598057  0.04484652 -0.08       -0.12       -0.16       -0.2       ] 
[ 0.13421221  0.07452224 -0.08       -0.12       -0.16       -0.2       ] 
[ 0.06969561  0.10924542 -0.08       -0.12       -0.16       -0.2       ] 
[ 0.06717141  0.13822861 -0.08       -0.12       -0.16       -0.2       ] 
[ 0.10773215  0.16371006 -0.08       -0.12       -0.16       -0.2       ] 
[ 0.13610147  0.20315284 -0.08       -0.12       -0.16       -0.2       ] 
[ 0.          0.22319253 -0.08       -0.12       -0.16       -0.2       ] 
[ 0.          0.24949018 -0.08       -0.12       -0.16       -0.2       ] 
[ 0.          0.22655581 -0.08       -0.12       -0.16       -0.2       ] 
[ 0.          0.21508684 -0.08       -0.12       -0.16       -0.2       ] 
[ 0.          0.26132702 -0.08       -0.12       -0.16       -0.2       ] 
[ 0.          0.23207228 -0.08       -0.12       -0.16       -0.2       ] 
[ 0.         0.2522954 -0.08      -0.12      -0.16      -0.2      ] 
[ 0.          0.13645832 -0.08       -0.12       -0.16       -0.2       ] 
2
[-0.00098698 -0.04344212 -0.12628526 -0.33571277 -0.16       -0.2       ] 
[ 0.0011838  -0.04339563 -0.13252854 -0.33123303 -0.16       -0.2       ] 
[ 0.         -0.04749183 -0.14443062 -0.12       -0.16       -0.2       ] 
[ 0.         -0.04104655 -0.15438366 -0.12       -0.16       -0.2       ] 
[ 0.         -0.03567694 -0.10942302 -0.12       -0.16       -0.2       ] 
[ 0.         -0.01709213 -0.11801357 -0.12       -0.16       -0.2       ] 
[ 0.          0.01333811 -0.14478973 -0.12       -0.16       -0.2       ] 
[ 0.          0.04249121 -0.0087307  -0.12       -0.16       -0.2       ] 
[ 0.          0.07341182  0.02998437 -0.12       -0.16       -0.2       ] 
[ 0.          0.09869609 -0.0202915  -0.12       -0.16       -0.2       ] 
[ 0.          0.13967488 -0.04743423 -0.12       -0.16       -0.2       ] 
[ 0.          0.15733868 -0.06489956 -0.12       -0.16       -0.2       ] 
[ 0.          0.19491513 -0.08       -0.12       -0.16       -0.2       ] 
[ 0.         0.2318923 -0.08      -0.12      -0.16      -0.2      ] 
[ 0.          0.24463597 -0.08       -0.12       -0.16       -0.2       ] 
[ 0.          0.22997977 -0.08       -0.12       -0.16       -0.2       ] 
[ 0.          0.24473234 -0.08       -0.12       -0.16       -0.2       ] 
[ 0.          0.26678393 -0.08       -0.12       -0.16       -0.2       ] 
[ 0.          0.22846664 -0.08       -0.12       -0.16       -0.2       ] 
[ 0.          0.26313359 -0.08       -0.12       -0.16       -0.2       ] 
[ 0.          0.15289044 -0.08       -0.12       -0.16       -0.2       ] 
3
[-0.00165563 -0.04010335 -0.09161727 -0.24401473 -0.32948918 -0.2       ] 
[ 0.00157449 -0.04025982 -0.11001861 -0.2483472  -0.16       -0.2       ] 
[ 0.         -0.04274031 -0.06456684 -0.12       -0.16       -0.2       ] 
[ 0.        -0.04      -0.0820422 -0.12      -0.16      -0.2      ] 
[ 0.         -0.04       -0.08020728 -0.12       -0.16       -0.2       ] 
[ 0.         -0.04       -0.06427188 -0.12       -0.16       -0.2       ] 
[ 0.         -0.04       -0.03619664 -0.12       -0.16       -0.2       ] 
[ 0.         -0.04       -0.00689322 -0.12       -0.16       -0.2       ] 
[ 0.         -0.04        0.02526208 -0.12       -0.16       -0.2       ] 
[ 0.         -0.04        0.05323046 -0.12       -0.16       -0.2       ] 
[ 0.         -0.04        0.08216011 -0.12       -0.16       -0.2       ] 
[ 0.         -0.04        0.11014063 -0.12       -0.16       -0.2       ] 
[ 4.44089210e-16 -4.00000000e-02  1.46561684e-01 -1.20000000e-01 -1.60000000e-01 -2.00000000e-01] 
[ 0.         -0.04        0.20459163 -0.12       -0.16       -0.2       ] 
[ 0.         -0.04        0.18634732 -0.12       -0.16       -0.2       ] 
[ 0.         -0.04        0.21562864 -0.12       -0.16       -0.2       ] 
[ 0.        -0.04       0.1947233 -0.12      -0.16      -0.2      ] 
[ 0.        -0.04       0.2123607 -0.12      -0.16      -0.2      ] 
[ 0.         -0.04        0.20100023 -0.12       -0.16       -0.2       ] 
[ 0.         -0.04        0.19763811 -0.12       -0.16       -0.2       ] 
[ 0.         -0.04        0.15049617 -0.12       -0.16       -0.2       ] 
4
[ 0.         -0.03910586 -0.08611077 -0.16642112 -0.31686942 -0.2       ] 
[ 0.         -0.03809742 -0.09618571 -0.1716036  -0.32242788 -0.2       ] 
[ 0.         -0.04       -0.07094836 -0.16215679 -0.16       -0.2       ] 
[ 0.         -0.04       -0.07864178 -0.16354153 -0.16       -0.2       ] 
[ 0.         -0.04       -0.07184283 -0.16344302 -0.16       -0.2       ] 
[-8.88178420e-16 -4.00000000e-02 -5.17986221e-02 -1.53017807e-01 -1.60000000e-01 -2.00000000e-01] 
[ 0.         -0.04       -0.02370916 -0.11570344 -0.16       -0.2       ] 
[ 0.         -0.04        0.01335038 -0.0795891  -0.16       -0.2       ] 
[ 0.         -0.04        0.03927782 -0.04867694 -0.16       -0.2       ] 
[ 0.         -0.04        0.06968717  0.02884064 -0.16       -0.2       ] 
[ 0.         -0.04        0.09589982  0.00153681 -0.16       -0.2       ] 
[ 0.         -0.04        0.12486395  0.09008872 -0.16       -0.2       ] 
[ 0.         -0.04        0.15510246  0.10105623 -0.16       -0.2       ] 
[ 0.         -0.04        0.20153036  0.15074422 -0.16       -0.2       ] 
[ 0.         -0.04        0.18908483  0.15833474 -0.16       -0.2       ] 
[ 0.         -0.04        0.1967278   0.14169724 -0.16       -0.2       ] 
[ 0.         -0.04        0.19706786  0.13525751 -0.16       -0.2       ] 
[ 0.         -0.04        0.19279119  0.15518043 -0.16       -0.2       ] 
[ 0.         -0.04        0.19311571  0.05805667 -0.16       -0.2       ] 
[ 0.         -0.04        0.18075329  0.1331169  -0.16       -0.2       ] 
[ 0.         -0.04        0.09147908  0.09210767 -0.16       -0.2       ] 
5
[ 0.         -0.04       -0.07838392 -0.13203763 -0.2172307  -0.35707233] 
[ 0.         -0.04196379 -0.07961486 -0.14515355 -0.21902131 -0.2       ] 
[ 0.         -0.04       -0.08321283 -0.10647772 -0.28034893 -0.2       ] 
[ 0.         -0.04       -0.08       -0.11489745 -0.31555993 -0.2       ] 
[ 0.         -0.04       -0.08       -0.10369061 -0.16       -0.2       ] 
[-8.88178420e-16 -4.00000000e-02 -8.00000000e-02 -8.24579661e-0  -1.60000000e-01 -2.00000000e-01] 
[ 0.         -0.04       -0.08       -0.05536534 -0.16       -0.2       ] 
[ 0.         -0.04       -0.08       -0.02621503 -0.14500394 -0.2       ] 
[ 0.         -0.04       -0.08        0.00710993 -0.16       -0.2       ] 
[ 0.         -0.04       -0.08        0.03739863 -0.16       -0.2       ] 
[ 0.        -0.04      -0.08       0.0605905 -0.16      -0.2      ] 
[ 0.         -0.04       -0.08        0.09928932 -0.16       -0.2       ] 
[-4.44089210e-16 -4.00000000e-02 -8.00000000e-02  1.38397983e-01-1.60000000e-01 -2.00000000e-01] 
[ 0.         -0.04       -0.08        0.14929306 -0.16       -0.2       ] 
[ 0.         -0.04       -0.08        0.16301913 -0.16       -0.2       ] 
[ 0.         -0.04       -0.08        0.15574259 -0.16       -0.2       ] 
[ 0.         -0.04       -0.08        0.13992266 -0.16       -0.2       ] 
[-4.44089210e-16 -4.00000000e-02 -8.00000000e-02  1.74760989e-01 -1.60000000e-01 -2.00000000e-01] 
[ 0.        -0.04      -0.08       0.1196942 -0.16      -0.2      ] 
[ 0.         -0.04       -0.08        0.10630223 -0.16       -0.2       ] 
[ 0.         -0.04       -0.08        0.06384563 -0.16       -0.2       ] 
6
[-2.22044605e-16 -4.00000000e-02 -8.00000000e-02 -1.21767688e-01 -1.62767076e-01 -2.63548892e-01] 
[ 0.         -0.04       -0.07781434 -0.12047488 -0.19007699 -0.2       ] 
[ 0.         -0.04       -0.08       -0.11971206 -0.15072042 -0.2       ] 
[ 0.         -0.04       -0.08       -0.10466071 -0.1560158  -0.2       ] 
[ 0.         -0.04       -0.08       -0.10299707 -0.1575357  -0.2       ] 
[-8.88178420e-16 -4.00000000e-02 -8.00000000e-02 -1.20000000e-01 -1.42446237e-01 -2.00000000e-01] 
[ 0.         -0.04       -0.08       -0.06803306 -0.11363611 -0.2       ] 
[-8.88178420e-16 -4.00000000e-02 -8.00000000e-02 -7.42004046e-02 -8.47372659e-02 -2.00000000e-01] 
[ 0.         -0.04       -0.08       -0.09108571 -0.05662833 -0.2       ] 
[ 0.         -0.04       -0.08       -0.08321281 -0.02418379 -0.2       ] 
[ 0.         -0.04       -0.08       -0.12        0.00128478 -0.2       ] 
[ 0.         -0.04       -0.08       -0.05681961  0.02898245 -0.2       ] 
[ 0.         -0.04       -0.08       -0.12        0.06961674 -0.2       ] 
[ 0.         -0.04       -0.08       -0.12        0.11469477 -0.2       ] 
[ 0.         -0.04       -0.08       -0.12        0.12125374 -0.2       ] 
[ 0.         -0.04       -0.08       -0.12        0.13497888 -0.2       ] 
[ 0.         -0.04       -0.08       -0.12        0.11661039 -0.2       ] 
[ 2.22044605e-16 -4.00000000e-02 -8.00000000e-02 -1.20000000e-01 1.29867840e-01 -2.00000000e-01] 
[ 0.         -0.04       -0.08       -0.12        0.11969727 -0.2       ] 
[ 0.         -0.04       -0.08       -0.12        0.08574407 -0.2       ] 
[ 0.         -0.04       -0.08       -0.12        0.10068698 -0.2       ] 
7
[ 0.         -0.04       -0.08       -0.12       -0.17608287 -0.20601988] 
[ 0.         -0.04       -0.08       -0.13090787 -0.16172704 -0.21202662] 
[ 0.         -0.04       -0.08       -0.12       -0.16252971 -0.22039189] 
[ 0.         -0.04       -0.08       -0.12       -0.16258053 -0.2029517 ] 
[ 0.         -0.04       -0.08       -0.12       -0.15848943 -0.20207952] 
[ 0.         -0.04       -0.08       -0.12       -0.14158018 -0.206371  ] 
[ 0.         -0.04       -0.08       -0.12       -0.11207823 -0.19541453] 
[-8.88178420e-16 -4.00000000e-02 -8.00000000e-02 -1.20000000e-01 -8.45298378e-02 -2.06711917e-01] 
[ 0.         -0.04       -0.08       -0.12       -0.05685444 -0.23530051] 
[ 0.         -0.04       -0.08       -0.12       -0.02705915 -0.2       ] 
[ 4.44089210e-16 -4.00000000e-02 -8.00000000e-02 -1.20000000e-01 7.50913211e-03 -2.00000000e-01] 
[ 0.         -0.04       -0.08       -0.12        0.02586168 -0.2       ] 
[ 4.44089210e-16 -4.00000000e-02 -8.00000000e-02 -1.20000000e-01 6.55799423e-02 -2.00000000e-01] 
[ 0.        -0.04      -0.08      -0.12       0.1191464 -0.2      ] 
[ 0.         -0.04       -0.08       -0.12        0.11624762 -0.2       ] 
[ 0.         -0.04       -0.08       -0.12        0.12494601 -0.2       ] 
[ 0.         -0.04       -0.08       -0.12        0.12761321 -0.2       ] 
[-2.22044605e-16 -4.00000000e-02 -8.00000000e-02 -1.20000000e-01 1.19412362e-01 -2.00000000e-01] 
[ 0.        -0.04      -0.08      -0.12       0.1145664 -0.2      ] 
[ 0.         -0.04       -0.08       -0.12        0.10707761 -0.2       ] 
[ 0.         -0.04       -0.08       -0.12        0.09918948 -0.2       ] 