array([[-0.00252177, -0.04      , -0.08      , -0.12      , -0.16      ,
        -0.2       ],
       [ 0.00224446, -0.04      , -0.08      , -0.12      , -0.16      ,
        -0.2       ],
       [-0.00209364, -0.04      , -0.08      , -0.12      , -0.16      ,
        -0.2       ],
       [-0.00215428, -0.04      , -0.08      , -0.12      , -0.16      ,
        -0.2       ],
       [ 0.00094978, -0.04      , -0.08      , -0.12      , -0.16      ,
        -0.2       ],
       [ 0.01711241, -0.04      , -0.08      , -0.12      , -0.16      ,
        -0.2       ],
       [ 0.04580809, -0.04      , -0.08      , -0.12      , -0.16      ,
        -0.2       ],
       [ 0.07508652, -0.04      , -0.08      , -0.12      , -0.16      ,
        -0.2       ],
       [ 0.10422167, -0.04      , -0.08      , -0.12      , -0.16      ,
        -0.2       ],
       [ 0.136668  , -0.04      , -0.08      , -0.12      , -0.16      ,
        -0.2       ],
       [ 0.16111663, -0.04      , -0.08      , -0.12      , -0.16      ,
        -0.2       ],
       [ 0.18630914, -0.04      , -0.08      , -0.12      , -0.16      ,
        -0.2       ],
       [ 0.21749822, -0.04      , -0.08      , -0.12      , -0.16      ,
        -0.2       ],
       [ 0.28849783, -0.04      , -0.08      , -0.12      , -0.16      ,
        -0.2       ],
       [ 0.27618975, -0.04      , -0.08      , -0.12      , -0.16      ,
        -0.2       ],
       [ 0.28750471, -0.04      , -0.08      , -0.12      , -0.16      ,
        -0.2       ],
       [ 0.27833962, -0.04      , -0.08      , -0.12      , -0.16      ,
        -0.2       ],
       [ 0.29416621, -0.04      , -0.08      , -0.12      , -0.16      ,
        -0.2       ],
       [ 0.28417447, -0.04      , -0.08      , -0.12      , -0.16      ,
        -0.2       ],
       [ 0.34080246, -0.04      , -0.08      , -0.12      , -0.16      ,
        -0.2       ],
       [ 0.25781457, -0.04      , -0.08      , -0.12      , -0.16      ,
        -0.2       ]])
array([[-0.00157001, -0.05027431, -0.08      , -0.12      , -0.16      ,
        -0.2       ],
       [ 0.00228227, -0.04844162, -0.08      , -0.12      , -0.16      ,
        -0.2       ],
       [ 0.00140838, -0.04484164, -0.08      , -0.12      , -0.16      ,
        -0.2       ],
       [-0.00235231, -0.03381088, -0.08      , -0.12      , -0.16      ,
        -0.2       ],
       [ 0.00178314, -0.03048712, -0.08      , -0.12      , -0.16      ,
        -0.2       ],
       [ 0.01253447, -0.01239735, -0.08      , -0.12      , -0.16      ,
        -0.2       ],
       [ 0.0682781 ,  0.01833219, -0.08      , -0.12      , -0.16      ,
        -0.2       ],
       [ 0.09598057,  0.04484652, -0.08      , -0.12      , -0.16      ,
        -0.2       ],
       [ 0.13421221,  0.07452224, -0.08      , -0.12      , -0.16      ,
        -0.2       ],
       [ 0.06969561,  0.10924542, -0.08      , -0.12      , -0.16      ,
        -0.2       ],
       [ 0.06717141,  0.13822861, -0.08      , -0.12      , -0.16      ,
        -0.2       ],
       [ 0.10773215,  0.16371006, -0.08      , -0.12      , -0.16      ,
        -0.2       ],
       [ 0.13610147,  0.20315284, -0.08      , -0.12      , -0.16      ,
        -0.2       ],
       [ 0.        ,  0.22319253, -0.08      , -0.12      , -0.16      ,
        -0.2       ],
       [ 0.        ,  0.24949018, -0.08      , -0.12      , -0.16      ,
        -0.2       ],
       [ 0.        ,  0.22655581, -0.08      , -0.12      , -0.16      ,
        -0.2       ],
       [ 0.        ,  0.21508684, -0.08      , -0.12      , -0.16      ,
        -0.2       ],
       [ 0.        ,  0.26132702, -0.08      , -0.12      , -0.16      ,
        -0.2       ],
       [ 0.        ,  0.23207228, -0.08      , -0.12      , -0.16      ,
        -0.2       ],
       [ 0.        ,  0.2522954 , -0.08      , -0.12      , -0.16      ,
        -0.2       ],
       [ 0.        ,  0.13645832, -0.08      , -0.12      , -0.16      ,
        -0.2       ]])
array([[-0.00104045, -0.04345869, -0.12628497, -0.33571242, -0.16      ,
        -0.2       ],
       [ 0.00118379, -0.04339563, -0.13252854, -0.33123303, -0.16      ,
        -0.2       ],
       [ 0.        , -0.04749183, -0.14443062, -0.12      , -0.16      ,
        -0.2       ],
       [ 0.        , -0.04104655, -0.15438366, -0.12      , -0.16      ,
        -0.2       ],
       [ 0.        , -0.03567694, -0.10942302, -0.12      , -0.16      ,
        -0.2       ],
       [ 0.        , -0.01709213, -0.11801357, -0.12      , -0.16      ,
        -0.2       ],
       [ 0.        ,  0.01333811, -0.14478973, -0.12      , -0.16      ,
        -0.2       ],
       [ 0.        ,  0.04249121, -0.0087307 , -0.12      , -0.16      ,
        -0.2       ],
       [ 0.        ,  0.07341182,  0.02998437, -0.12      , -0.16      ,
        -0.2       ],
       [ 0.        ,  0.09869609, -0.0202915 , -0.12      , -0.16      ,
        -0.2       ],
       [ 0.        ,  0.13967488, -0.04743423, -0.12      , -0.16      ,
        -0.2       ],
       [ 0.        ,  0.15733868, -0.06489956, -0.12      , -0.16      ,
        -0.2       ],
       [ 0.        ,  0.19491513, -0.08      , -0.12      , -0.16      ,
        -0.2       ],
       [ 0.        ,  0.2318923 , -0.08      , -0.12      , -0.16      ,
        -0.2       ],
       [ 0.        ,  0.24463597, -0.08      , -0.12      , -0.16      ,
        -0.2       ],
       [ 0.        ,  0.22997977, -0.08      , -0.12      , -0.16      ,
        -0.2       ],
       [ 0.        ,  0.24473234, -0.08      , -0.12      , -0.16      ,
        -0.2       ],
       [ 0.        ,  0.26678393, -0.08      , -0.12      , -0.16      ,
        -0.2       ],
       [ 0.        ,  0.22846664, -0.08      , -0.12      , -0.16      ,
        -0.2       ],
       [ 0.        ,  0.26313359, -0.08      , -0.12      , -0.16      ,
        -0.2       ],
       [ 0.        ,  0.15289044, -0.08      , -0.12      , -0.16      ,
        -0.2       ]])
array([[-1.37124937e-03, -4.01845729e-02, -9.16014263e-02,
        -2.44022969e-01, -3.29490763e-01, -2.00000000e-01],
       [ 1.57451006e-03, -4.02598121e-02, -1.10018596e-01,
        -2.48347204e-01, -1.60000000e-01, -2.00000000e-01],
       [ 0.00000000e+00, -4.27403054e-02, -6.45668384e-02,
        -1.20000000e-01, -1.60000000e-01, -2.00000000e-01],
       [ 0.00000000e+00, -4.00000000e-02, -8.20422015e-02,
        -1.20000000e-01, -1.60000000e-01, -2.00000000e-01],
       [ 0.00000000e+00, -4.00000000e-02, -8.02072804e-02,
        -1.20000000e-01, -1.60000000e-01, -2.00000000e-01],
       [ 0.00000000e+00, -4.00000000e-02, -6.42718766e-02,
        -1.20000000e-01, -1.60000000e-01, -2.00000000e-01],
       [ 0.00000000e+00, -4.00000000e-02, -3.61966417e-02,
        -1.20000000e-01, -1.60000000e-01, -2.00000000e-01],
       [ 0.00000000e+00, -4.00000000e-02, -6.89321649e-03,
        -1.20000000e-01, -1.60000000e-01, -2.00000000e-01],
       [ 0.00000000e+00, -4.00000000e-02,  2.52620760e-02,
        -1.20000000e-01, -1.60000000e-01, -2.00000000e-01],
       [ 0.00000000e+00, -4.00000000e-02,  5.32304557e-02,
        -1.20000000e-01, -1.60000000e-01, -2.00000000e-01],
       [ 0.00000000e+00, -4.00000000e-02,  8.21601127e-02,
        -1.20000000e-01, -1.60000000e-01, -2.00000000e-01],
       [ 0.00000000e+00, -4.00000000e-02,  1.10140632e-01,
        -1.20000000e-01, -1.60000000e-01, -2.00000000e-01],
       [ 4.44089210e-16, -4.00000000e-02,  1.46561684e-01,
        -1.20000000e-01, -1.60000000e-01, -2.00000000e-01],
       [ 0.00000000e+00, -4.00000000e-02,  2.04591628e-01,
        -1.20000000e-01, -1.60000000e-01, -2.00000000e-01],
       [ 0.00000000e+00, -4.00000000e-02,  1.86347323e-01,
        -1.20000000e-01, -1.60000000e-01, -2.00000000e-01],
       [ 0.00000000e+00, -4.00000000e-02,  2.15628640e-01,
        -1.20000000e-01, -1.60000000e-01, -2.00000000e-01],
       [ 0.00000000e+00, -4.00000000e-02,  1.94723303e-01,
        -1.20000000e-01, -1.60000000e-01, -2.00000000e-01],
       [ 0.00000000e+00, -4.00000000e-02,  2.12360701e-01,
        -1.20000000e-01, -1.60000000e-01, -2.00000000e-01],
       [ 0.00000000e+00, -4.00000000e-02,  2.01000232e-01,
        -1.20000000e-01, -1.60000000e-01, -2.00000000e-01],
       [ 0.00000000e+00, -4.00000000e-02,  1.97638108e-01,
        -1.20000000e-01, -1.60000000e-01, -2.00000000e-01],
       [ 0.00000000e+00, -4.00000000e-02,  1.50496173e-01,
        -1.20000000e-01, -1.60000000e-01, -2.00000000e-01]])
array([[ 0.00000000e+00, -3.97494442e-02, -8.61959079e-02,
        -1.66444815e-01, -3.16868441e-01, -2.00000000e-01],
       [ 0.00000000e+00, -3.80974605e-02, -9.61857685e-02,
        -1.71603596e-01, -3.22427878e-01, -2.00000000e-01],
       [ 0.00000000e+00, -4.00000000e-02, -7.09483610e-02,
        -1.62156788e-01, -1.60000000e-01, -2.00000000e-01],
       [ 0.00000000e+00, -4.00000000e-02, -7.86417762e-02,
        -1.63541528e-01, -1.60000000e-01, -2.00000000e-01],
       [ 0.00000000e+00, -4.00000000e-02, -7.18428335e-02,
        -1.63443022e-01, -1.60000000e-01, -2.00000000e-01],
       [-8.88178420e-16, -4.00000000e-02, -5.17986221e-02,
        -1.53017807e-01, -1.60000000e-01, -2.00000000e-01],
       [ 0.00000000e+00, -4.00000000e-02, -2.37091624e-02,
        -1.15703439e-01, -1.60000000e-01, -2.00000000e-01],
       [ 0.00000000e+00, -4.00000000e-02,  1.33503826e-02,
        -7.95890960e-02, -1.60000000e-01, -2.00000000e-01],
       [ 0.00000000e+00, -4.00000000e-02,  3.92778215e-02,
        -4.86769413e-02, -1.60000000e-01, -2.00000000e-01],
       [ 0.00000000e+00, -4.00000000e-02,  6.96871704e-02,
         2.88406365e-02, -1.60000000e-01, -2.00000000e-01],
       [ 0.00000000e+00, -4.00000000e-02,  9.58998155e-02,
         1.53680912e-03, -1.60000000e-01, -2.00000000e-01],
       [ 0.00000000e+00, -4.00000000e-02,  1.24863949e-01,
         9.00887224e-02, -1.60000000e-01, -2.00000000e-01],
       [ 0.00000000e+00, -4.00000000e-02,  1.55102461e-01,
         1.01056228e-01, -1.60000000e-01, -2.00000000e-01],
       [ 0.00000000e+00, -4.00000000e-02,  2.01530362e-01,
         1.50744222e-01, -1.60000000e-01, -2.00000000e-01],
       [ 0.00000000e+00, -4.00000000e-02,  1.89084831e-01,
         1.58334745e-01, -1.60000000e-01, -2.00000000e-01],
       [ 0.00000000e+00, -4.00000000e-02,  1.96727797e-01,
         1.41697243e-01, -1.60000000e-01, -2.00000000e-01],
       [ 0.00000000e+00, -4.00000000e-02,  1.97067864e-01,
         1.35257508e-01, -1.60000000e-01, -2.00000000e-01],
       [ 0.00000000e+00, -4.00000000e-02,  1.92791185e-01,
         1.55180430e-01, -1.60000000e-01, -2.00000000e-01],
       [ 0.00000000e+00, -4.00000000e-02,  1.93115706e-01,
         5.80566728e-02, -1.60000000e-01, -2.00000000e-01],
       [ 0.00000000e+00, -4.00000000e-02,  1.80753293e-01,
         1.33116900e-01, -1.60000000e-01, -2.00000000e-01],
       [ 0.00000000e+00, -4.00000000e-02,  9.14790791e-02,
         9.21076706e-02, -1.60000000e-01, -2.00000000e-01]])
array([[ 0.00000000e+00, -4.00000000e-02, -7.88136277e-02,
        -1.32263921e-01, -2.17230828e-01, -3.57072347e-01],
       [ 0.00000000e+00, -4.19637945e-02, -7.96148624e-02,
        -1.45153546e-01, -2.19021312e-01, -2.00000000e-01],
       [ 0.00000000e+00, -4.00000000e-02, -8.32128288e-02,
        -1.06477716e-01, -2.80348935e-01, -2.00000000e-01],
       [ 0.00000000e+00, -4.00000000e-02, -8.00000000e-02,
        -1.14897453e-01, -3.15559933e-01, -2.00000000e-01],
       [ 0.00000000e+00, -4.00000000e-02, -8.00000000e-02,
        -1.03690612e-01, -1.60000000e-01, -2.00000000e-01],
       [-8.88178420e-16, -4.00000000e-02, -8.00000000e-02,
        -8.24579661e-02, -1.60000000e-01, -2.00000000e-01],
       [ 0.00000000e+00, -4.00000000e-02, -8.00000000e-02,
        -5.53653395e-02, -1.60000000e-01, -2.00000000e-01],
       [ 0.00000000e+00, -4.00000000e-02, -8.00000000e-02,
        -2.62150311e-02, -1.45003945e-01, -2.00000000e-01],
       [ 0.00000000e+00, -4.00000000e-02, -8.00000000e-02,
         7.10993438e-03, -1.60000000e-01, -2.00000000e-01],
       [ 0.00000000e+00, -4.00000000e-02, -8.00000000e-02,
         3.73986304e-02, -1.60000000e-01, -2.00000000e-01],
       [ 0.00000000e+00, -4.00000000e-02, -8.00000000e-02,
         6.05904972e-02, -1.60000000e-01, -2.00000000e-01],
       [ 0.00000000e+00, -4.00000000e-02, -8.00000000e-02,
         9.92893202e-02, -1.60000000e-01, -2.00000000e-01],
       [-4.44089210e-16, -4.00000000e-02, -8.00000000e-02,
         1.38397983e-01, -1.60000000e-01, -2.00000000e-01],
       [ 0.00000000e+00, -4.00000000e-02, -8.00000000e-02,
         1.49293064e-01, -1.60000000e-01, -2.00000000e-01],
       [ 0.00000000e+00, -4.00000000e-02, -8.00000000e-02,
         1.63019131e-01, -1.60000000e-01, -2.00000000e-01],
       [ 0.00000000e+00, -4.00000000e-02, -8.00000000e-02,
         1.55742591e-01, -1.60000000e-01, -2.00000000e-01],
       [ 0.00000000e+00, -4.00000000e-02, -8.00000000e-02,
         1.39922664e-01, -1.60000000e-01, -2.00000000e-01],
       [-4.44089210e-16, -4.00000000e-02, -8.00000000e-02,
         1.74760989e-01, -1.60000000e-01, -2.00000000e-01],
       [ 0.00000000e+00, -4.00000000e-02, -8.00000000e-02,
         1.19694198e-01, -1.60000000e-01, -2.00000000e-01],
       [ 0.00000000e+00, -4.00000000e-02, -8.00000000e-02,
         1.06302229e-01, -1.60000000e-01, -2.00000000e-01],
       [ 0.00000000e+00, -4.00000000e-02, -8.00000000e-02,
         6.38456303e-02, -1.60000000e-01, -2.00000000e-01]])
array([[ 0.00000000e+00, -4.00000000e-02, -8.00000000e-02,
        -1.21948663e-01, -1.62770002e-01, -2.63546610e-01],
       [ 0.00000000e+00, -4.00000000e-02, -7.78147532e-02,
        -1.20474964e-01, -1.90077105e-01, -2.00000000e-01],
       [ 0.00000000e+00, -4.00000000e-02, -8.00000000e-02,
        -1.19712063e-01, -1.50720417e-01, -2.00000000e-01],
       [ 0.00000000e+00, -4.00000000e-02, -8.00000000e-02,
        -1.04660708e-01, -1.56015796e-01, -2.00000000e-01],
       [ 0.00000000e+00, -4.00000000e-02, -8.00000000e-02,
        -1.02997068e-01, -1.57535700e-01, -2.00000000e-01],
       [ 0.00000000e+00, -4.00000000e-02, -8.00000000e-02,
        -1.20000000e-01, -1.42446237e-01, -2.00000000e-01],
       [ 0.00000000e+00, -4.00000000e-02, -8.00000000e-02,
        -6.80330576e-02, -1.13636111e-01, -2.00000000e-01],
       [-8.88178420e-16, -4.00000000e-02, -8.00000000e-02,
        -7.42004046e-02, -8.47372659e-02, -2.00000000e-01],
       [ 0.00000000e+00, -4.00000000e-02, -8.00000000e-02,
        -9.10857077e-02, -5.66283324e-02, -2.00000000e-01],
       [ 0.00000000e+00, -4.00000000e-02, -8.00000000e-02,
        -8.32128120e-02, -2.41837938e-02, -2.00000000e-01],
       [ 0.00000000e+00, -4.00000000e-02, -8.00000000e-02,
        -1.20000000e-01,  1.28477772e-03, -2.00000000e-01],
       [ 0.00000000e+00, -4.00000000e-02, -8.00000000e-02,
        -5.68196082e-02,  2.89824525e-02, -2.00000000e-01],
       [ 0.00000000e+00, -4.00000000e-02, -8.00000000e-02,
        -1.20000000e-01,  6.96167440e-02, -2.00000000e-01],
       [ 0.00000000e+00, -4.00000000e-02, -8.00000000e-02,
        -1.20000000e-01,  1.14694768e-01, -2.00000000e-01],
       [ 0.00000000e+00, -4.00000000e-02, -8.00000000e-02,
        -1.20000000e-01,  1.21253742e-01, -2.00000000e-01],
       [ 0.00000000e+00, -4.00000000e-02, -8.00000000e-02,
        -1.20000000e-01,  1.34978879e-01, -2.00000000e-01],
       [ 0.00000000e+00, -4.00000000e-02, -8.00000000e-02,
        -1.20000000e-01,  1.16610395e-01, -2.00000000e-01],
       [ 2.22044605e-16, -4.00000000e-02, -8.00000000e-02,
        -1.20000000e-01,  1.29867840e-01, -2.00000000e-01],
       [ 0.00000000e+00, -4.00000000e-02, -8.00000000e-02,
        -1.20000000e-01,  1.19697266e-01, -2.00000000e-01],
       [ 0.00000000e+00, -4.00000000e-02, -8.00000000e-02,
        -1.20000000e-01,  8.57440742e-02, -2.00000000e-01],
       [ 0.00000000e+00, -4.00000000e-02, -8.00000000e-02,
        -1.20000000e-01,  1.00686975e-01, -2.00000000e-01]])
array([[ 0.00000000e+00, -4.00000000e-02, -8.00000000e-02,
        -1.20000000e-01, -1.71862931e-01, -2.06024700e-01],
       [ 0.00000000e+00, -4.00000000e-02, -8.00000000e-02,
        -1.30864216e-01, -1.61710798e-01, -2.12027778e-01],
       [ 0.00000000e+00, -4.00000000e-02, -8.00000000e-02,
        -1.20000000e-01, -1.62529293e-01, -2.20391912e-01],
       [ 0.00000000e+00, -4.00000000e-02, -8.00000000e-02,
        -1.20000000e-01, -1.62580529e-01, -2.02951702e-01],
       [ 0.00000000e+00, -4.00000000e-02, -8.00000000e-02,
        -1.20000000e-01, -1.58489426e-01, -2.02079517e-01],
       [ 0.00000000e+00, -4.00000000e-02, -8.00000000e-02,
        -1.20000000e-01, -1.41580181e-01, -2.06370998e-01],
       [ 0.00000000e+00, -4.00000000e-02, -8.00000000e-02,
        -1.20000000e-01, -1.12078233e-01, -1.95414533e-01],
       [ 0.00000000e+00, -4.00000000e-02, -8.00000000e-02,
        -1.20000000e-01, -8.45298378e-02, -2.06711917e-01],
       [ 0.00000000e+00, -4.00000000e-02, -8.00000000e-02,
        -1.20000000e-01, -5.68544423e-02, -2.35300513e-01],
       [ 0.00000000e+00, -4.00000000e-02, -8.00000000e-02,
        -1.20000000e-01, -2.70591545e-02, -2.00000000e-01],
       [ 4.44089210e-16, -4.00000000e-02, -8.00000000e-02,
        -1.20000000e-01,  7.50913211e-03, -2.00000000e-01],
       [ 0.00000000e+00, -4.00000000e-02, -8.00000000e-02,
        -1.20000000e-01,  2.58616804e-02, -2.00000000e-01],
       [ 4.44089210e-16, -4.00000000e-02, -8.00000000e-02,
        -1.20000000e-01,  6.55799423e-02, -2.00000000e-01],
       [ 0.00000000e+00, -4.00000000e-02, -8.00000000e-02,
        -1.20000000e-01,  1.19146400e-01, -2.00000000e-01],
       [ 0.00000000e+00, -4.00000000e-02, -8.00000000e-02,
        -1.20000000e-01,  1.16247623e-01, -2.00000000e-01],
       [ 0.00000000e+00, -4.00000000e-02, -8.00000000e-02,
        -1.20000000e-01,  1.24946011e-01, -2.00000000e-01],
       [ 0.00000000e+00, -4.00000000e-02, -8.00000000e-02,
        -1.20000000e-01,  1.27613214e-01, -2.00000000e-01],
       [-2.22044605e-16, -4.00000000e-02, -8.00000000e-02,
        -1.20000000e-01,  1.19412362e-01, -2.00000000e-01],
       [ 0.00000000e+00, -4.00000000e-02, -8.00000000e-02,
        -1.20000000e-01,  1.14566400e-01, -2.00000000e-01],
       [ 0.00000000e+00, -4.00000000e-02, -8.00000000e-02,
        -1.20000000e-01,  1.07077611e-01, -2.00000000e-01],
       [ 0.00000000e+00, -4.00000000e-02, -8.00000000e-02,
        -1.20000000e-01,  9.91894759e-02, -2.00000000e-01]])