298
0 0 0
0 0 0
0 0 0
0 0 0
0 0 0
0 0 0
0 0 0
0 0 0
0 0 0
0 0 0
0 0 0
0 0 0
0 0 0
0 0 0
0 0 0
0 0 0
0 0 0
0 0 0
0 0 0
0 0 0
0 0 0
0 0 0
0 0 0
0 0 0
0 1 0
0 0 0
0 0 0
0 0 0
0 0 0
0 0 0
0 0 0
0 0 0
0 0 0
0 0 0
0 0 0
0 0 0
0 0 0
0 0 0
0 0 0
0 0 0
0 0 0
0 0 0
0 0 0
0 0 0
0 0 0
0 0 0
0 0 0
0 0 0
0 0 0
0 1 0
0 0 0
0 0 0
0 0 0
0 0 0
0 0 0
0 0 0
0 0 0
0 0 0
0 0 0
0 0 0
0 0 0
0 0 0
0 0 0
0 0 0
0 0 0
0 0 0
0 0 0
0 0 0
0 0 0
0 0 0
0 0 0
0 0 0
0 0 0
0 0 0
0 0 0
0 0 0
0 0 0
0 0 0
0 1 0
0 0 0
0 0 0
0 0 0
0 0 0
0 0 0
0 0 0
0 0 0
0 0 0
0 0 0
0 0 0
0 0 0
0 0 0
0 0 0
0 0 0
0 0 0
0 0 0
0 0 0
0 0 0
0 0 0
0 0 0
0 0 0
0 0 0
0 0 21
21 0 21
21 0 21
21 0 21
21 0 21
21 0 42
42 0 42
42 0 42
42 1 21
21 0 21
21 0 42
42 0 42
42 0 42
42 0 42
42 0 63
63 0 63
63 0 63
63 0 63
63 0 63
63 0 84
84 0 84
84 0 84
84 0 84
84 0 105
105 0 105
105 0 105
105 1 84
84 0 84
84 0 84
84 0 105
105 0 105
105 0 105
105 0 105
105 0 105
105 0 126
126 0 126
126 0 126
126 0 126
126 0 126
126 0 147
147 0 147
147 0 147
147 0 147
147 0 147
147 0 168
168 0 168
168 0 168
168 0 168
0 0 0
0 0 0
0 0 0
0 0 0
0 0 0
0 0 0
0 0 0
0 0 0
0 0 0
0 0 0
0 0 0
0 0 0
0 0 0
0 0 0
0 0 0
0 0 0
0 0 0
0 0 0
0 0 0
0 0 0
0 0 0
0 0 0
0 0 0
0 0 0
0 1 0
0 0 0
0 0 0
0 0 0
0 0 0
0 0 0
0 0 0
0 0 0
0 0 0
0 0 0
0 0 0
0 0 0
0 0 0
0 0 0
0 0 0
0 0 0
0 0 0
0 0 0
0 0 0
0 0 0
0 0 0
0 0 0
0 0 0
0 0 0
0 0 0
0 0 0
0 0 0
0 1 0
0 0 0
0 0 0
0 0 0
0 0 0
0 0 0
0 0 0
0 0 0
0 0 0
0 0 0
0 0 0
0 0 0
0 0 0
0 0 0
0 0 0
0 0 0
0 0 0
0 0 0
0 0 0
0 0 0
0 0 0
0 0 0
0 0 0
0 0 0
0 0 0
0 0 0
0 0 0
0 0 0
0 0 0
0 0 0
0 0 0
0 1 0
0 0 0
0 0 0
0 0 0
0 0 0
0 0 0
0 0 0
0 0 0
0 0 0
0 0 0
0 0 0
0 0 0
0 0 0
0 0 0
0 0 0
0 0 0
0 0 0
0 0 0
0 0 0
0 0 21
21 0 21
21 0 21
21 0 21
21 0 21
21 0 42
42 0 42
42 0 42
42 1 21
21 0 21
21 0 42
42 0 42
42 0 42
42 0 42
42 0 42
42 0 63
63 0 63
63 0 63
63 0 63
63 0 63
63 0 84
84 0 84
84 0 84
84 0 84
84 1 84
84 0 84
84 0 84
84 0 84
84 0 105
105 0 105
105 0 105
105 0 105
105 0 105
105 0 126
126 0 126
126 0 126
126 0 126
126 0 126
126 0 126
126 0 147
147 0 147
147 0 147
147 0 147
147 0 168
168 0 168
168 1 147
147 0 147
147 0 147
