298
1 0 1
1 0 1
1 0 1
1 1 1
1 0 1
1 0 2
2 0 2
2 0 2
2 1 2
2 0 2
2 0 2
2 0 2
2 0 2
2 0 3
3 1 3
3 0 3
3 0 3
3 0 3
3 0 3
3 0 4
4 1 4
4 0 4
4 0 4
4 0 4
4 0 0
0 0 0
0 0 0
0 1 1
1 0 1
1 0 1
1 0 1
1 0 1
1 0 1
1 1 2
2 0 2
2 0 2
2 0 2
2 0 2
2 0 2
2 1 2
2 0 2
2 0 3
3 0 3
3 0 3
3 0 3
3 0 4
4 1 4
4 0 4
4 0 4
4 0 0
0 1 0
0 0 0
0 0 1
1 0 1
1 0 1
1 1 1
1 0 1
1 0 1
1 0 1
1 0 2
2 1 2
2 0 2
2 0 2
2 0 2
2 0 2
2 1 3
3 0 3
3 0 3
3 0 3
3 0 3
3 1 3
3 0 3
3 0 3
3 0 4
4 0 4
4 0 4
4 0 4
4 1 5
5 0 0
0 0 0
0 0 0
0 0 1
1 0 1
1 1 1
1 0 1
1 0 1
1 0 1
1 0 2
2 0 2
2 0 2
2 1 2
2 0 2
2 0 3
3 0 3
3 1 3
3 0 3
3 0 3
3 0 3
3 0 3
3 1 3
3 0 3
3 0 3
3 0 24
24 0 24
24 0 24
24 1 24
24 0 24
24 0 24
24 0 45
45 0 44
44 0 44
44 1 44
44 0 44
44 0 44
44 0 65
65 0 65
65 0 65
65 1 65
65 0 65
65 0 65
65 0 86
86 0 87
87 1 66
66 0 87
87 0 87
87 0 87
87 0 108
108 0 107
107 1 107
107 0 107
107 0 107
107 0 107
107 0 128
128 0 128
128 0 128
128 1 128
128 0 128
128 0 128
128 0 149
149 0 149
149 1 128
128 0 149
149 0 149
149 0 149
149 0 170
170 0 170
170 0 171
171 1 171
171 0 171
1 0 1
1 0 1
1 0 1
1 1 1
1 0 1
1 0 2
2 0 2
2 1 2
2 0 2
2 0 2
2 0 2
2 1 2
2 0 2
2 0 3
3 0 2
2 0 3
3 1 3
3 0 3
3 0 3
3 0 3
3 1 3
3 0 3
3 0 3
3 0 4
4 0 0
0 0 0
0 0 0
0 1 1
1 0 1
1 0 1
1 0 1
1 0 1
1 0 1
1 0 2
2 1 2
2 0 2
2 0 2
2 0 3
3 0 3
3 0 3
3 1 3
3 0 3
3 0 3
3 0 3
3 0 3
3 0 3
3 0 3
3 1 4
4 0 4
4 0 4
4 0 5
5 0 0
0 0 0
0 1 1
1 0 1
1 0 1
1 0 1
1 0 1
1 0 1
1 0 2
2 1 2
2 0 2
2 0 2
2 0 2
2 0 2
2 1 2
2 0 2
2 0 3
3 0 3
3 0 3
3 0 3
3 1 3
3 0 3
3 0 3
3 0 3
3 0 3
3 0 3
3 0 25
25 1 4
4 0 4
4 0 4
4 0 5
5 0 0
0 0 0
0 1 0
0 0 1
1 0 1
1 0 1
1 0 1
1 0 1
1 0 1
1 1 2
2 0 2
2 0 2
2 0 2
2 0 2
2 1 2
2 0 3
3 0 3
3 1 3
3 0 3
3 0 3
3 0 24
24 0 24
24 1 3
3 0 24
24 0 24
24 0 24
24 0 45
45 0 44
44 1 44
44 0 44
44 0 44
44 0 44
44 0 65
65 0 65
65 1 44
44 0 66
66 0 66
66 0 66
66 1 66
66 0 66
66 0 66
66 0 87
87 0 87
87 0 107
107 1 86
86 0 86
86 0 107
107 0 107
107 0 108
108 0 129
129 1 108
108 0 108
108 0 108
108 0 129
129 0 129
129 0 129
129 1 129
129 0 129
129 0 150
150 0 150
150 0 150
150 1 150
150 0 150
150 0 150
150 0 170
170 0 170
170 0 170
