298
5 0 5
5 0 6
6 0 6
6 0 1
1 0 2
2 0 4
4 1 5
5 0 7
7 0 3
3 0 4
4 0 5
5 0 5
5 0 6
6 0 7
7 0 3
3 1 4
4 0 5
5 0 6
6 0 7
7 0 8
8 0 5
5 0 6
6 0 6
6 1 7
7 0 3
3 0 4
4 0 5
5 0 1
1 0 2
2 0 3
3 1 4
4 0 5
5 0 6
6 0 2
2 0 3
3 0 4
4 0 5
5 1 6
6 0 7
7 0 3
3 0 4
4 0 5
5 0 7
7 0 7
7 1 8
8 0 9
9 0 5
5 0 6
6 0 7
7 0 4
4 0 1
1 1 2
2 0 3
3 0 4
4 0 5
5 0 2
2 0 3
3 0 4
4 0 4
4 1 6
6 0 2
2 0 3
3 0 4
4 0 5
5 0 6
6 0 4
4 1 4
4 0 5
5 0 6
6 0 7
7 0 4
4 0 5
5 0 6
6 0 7
7 0 7
7 1 8
8 0 9
9 0 5
5 0 1
1 0 2
2 0 3
3 1 4
4 0 5
5 0 1
1 0 2
2 0 3
3 0 4
4 0 5
5 0 6
6 0 7
7 0 3
3 1 4
4 0 5
5 0 6
6 0 3
3 0 4
4 0 5
5 1 6
6 0 7
7 0 4
4 0 4
4 0 5
5 0 26
26 0 27
27 0 27
27 0 47
47 0 47
47 1 26
26 0 27
27 0 47
47 0 47
47 0 46
46 0 67
67 0 68
68 1 47
47 0 47
47 0 68
68 0 68
68 0 68
68 0 89
89 0 89
89 1 68
68 0 89
89 0 89
89 0 89
89 0 110
110 0 110
110 0 110
110 0 110
110 1 110
110 0 110
110 0 110
110 0 110
110 0 131
131 0 131
131 0 131
131 0 152
152 0 152
152 1 131
131 0 131
131 0 152
152 0 152
152 0 152
152 0 152
152 0 173
173 0 173
173 0 173
173 0 194
194 0 194
5 0 5
5 0 5
5 0 6
6 0 3
3 0 4
4 1 5
5 0 7
7 0 3
3 0 4
4 0 5
5 1 6
6 0 3
3 0 4
4 0 5
5 0 6
6 0 7
7 0 4
4 1 5
5 0 6
6 0 7
7 0 4
4 0 5
5 0 6
6 0 7
7 0 4
4 1 5
5 0 6
6 0 1
1 0 2
2 0 3
3 0 4
4 1 5
5 0 6
6 0 7
7 0 3
3 0 4
4 0 5
5 0 5
5 1 6
6 0 7
7 0 4
4 0 5
5 0 6
6 0 6
6 0 7
7 0 7
7 0 9
9 0 25
25 1 6
6 0 7
7 0 8
8 0 5
5 0 6
6 0 2
2 0 3
3 0 4
4 1 5
5 0 5
5 0 6
6 0 7
7 0 3
3 0 4
4 1 5
5 0 6
6 0 7
7 0 3
3 0 4
4 0 5
5 0 6
6 1 6
6 0 7
7 0 4
4 0 5
5 0 5
5 0 6
6 0 6
6 0 7
7 0 9
9 0 26
26 0 27
27 1 7
7 0 8
8 0 4
4 0 5
5 0 1
1 0 2
2 0 3
3 1 4
4 0 5
5 0 6
6 0 7
7 0 2
2 0 3
3 0 5
5 0 6
6 1 7
7 0 3
3 0 4
4 0 6
6 0 4
4 0 4
4 0 26
26 1 6
6 0 6
6 0 26
26 0 26
26 0 26
26 0 27
27 0 48
48 0 47
47 0 46
46 0 46
46 0 68
68 0 68
68 1 47
47 0 47
47 0 68
68 0 68
68 0 68
68 0 68
68 0 89
89 0 89
89 1 68
68 0 68
68 0 89
89 0 89
89 0 89
89 0 89
89 0 110
110 0 110
110 0 110
110 1 110
110 0 110
110 0 110
110 0 131
131 0 131
131 0 131
131 0 131
131 0 152
152 0 152
152 1 131
131 0 152
152 0 152
152 0 152
152 0 152
152 0 173
173 0 173
173 0 173
173 1 152
