298
7 0 8
8 0 9
9 0 10
10 0 6
6 0 8
8 0 10
10 0 6
6 0 8
8 0 5
5 0 6
6 0 7
7 0 9
9 0 10
10 0 11
11 0 8
8 0 5
5 0 6
6 0 8
8 0 9
9 0 10
10 0 8
8 0 9
9 0 10
10 0 7
7 0 4
4 0 6
6 0 8
8 0 4
4 0 5
5 0 7
7 0 5
5 0 6
6 0 8
8 0 4
4 1 6
6 0 7
7 0 9
9 0 7
7 0 8
8 0 5
5 0 6
6 0 8
8 0 10
10 0 12
12 0 8
8 0 10
10 0 7
7 0 9
9 0 11
11 0 8
8 0 5
5 0 3
3 0 5
5 0 7
7 0 8
8 0 5
5 0 7
7 0 8
8 0 9
9 0 6
6 0 3
3 0 5
5 0 7
7 0 8
8 0 10
10 0 7
7 0 5
5 0 6
6 0 8
8 1 10
10 0 7
7 0 9
9 0 10
10 0 11
11 0 12
12 0 9
9 0 10
10 0 7
7 0 4
4 0 5
5 0 7
7 0 5
5 0 7
7 0 3
3 0 5
5 0 6
6 0 8
8 0 9
9 0 10
10 0 12
12 0 9
9 0 5
5 0 6
6 0 8
8 0 6
6 0 8
8 0 9
9 0 6
6 0 8
8 0 5
5 0 6
6 0 28
28 0 29
29 1 9
9 0 9
9 0 29
29 0 29
29 0 28
28 0 29
29 0 28
28 0 50
50 0 49
49 0 49
49 0 50
50 0 70
70 0 70
70 0 71
71 0 70
70 0 70
70 0 92
92 0 92
92 0 91
91 0 91
91 0 91
91 1 91
91 0 92
92 0 92
92 0 92
92 0 112
112 0 112
112 0 112
112 0 112
112 0 112
112 0 133
133 0 134
134 0 133
133 0 133
133 0 134
134 0 154
154 1 133
133 0 133
133 0 133
133 0 154
154 0 155
155 0 155
155 0 155
155 0 155
155 0 176
176 0 176
7 0 8
8 0 8
8 0 11
11 0 7
7 0 9
9 0 6
6 0 9
9 0 6
6 0 7
7 0 9
9 0 7
7 0 5
5 0 7
7 0 8
8 0 9
9 0 11
11 0 8
8 0 5
5 0 7
7 0 9
9 0 6
6 0 7
7 0 9
9 0 10
10 0 8
8 0 5
5 0 7
7 0 4
4 0 6
6 0 7
7 0 8
8 0 6
6 0 7
7 0 9
9 0 5
5 1 7
7 0 8
8 0 10
10 0 7
7 0 8
8 0 5
5 0 6
6 0 8
8 0 10
10 0 10
10 0 12
12 0 14
14 0 10
10 0 6
6 0 8
8 0 10
10 0 7
7 0 9
9 0 5
5 0 7
7 0 8
8 0 5
5 0 7
7 0 8
8 0 9
9 0 6
6 0 8
8 0 6
6 0 7
7 0 8
8 0 5
5 0 6
6 0 8
8 0 10
10 0 7
7 0 8
8 0 6
6 0 7
7 0 8
8 0 9
9 1 10
10 0 11
11 0 13
13 0 10
10 0 11
11 0 8
8 0 9
9 0 6
6 0 8
8 0 5
5 0 6
6 0 8
8 0 5
5 0 6
6 0 8
8 0 10
10 0 6
6 0 7
7 0 9
9 0 11
11 0 7
7 0 4
4 0 6
6 0 8
8 0 6
6 0 7
7 0 29
29 0 28
28 0 29
29 0 27
27 0 28
28 1 29
29 0 29
29 0 30
30 0 29
29 0 28
28 0 49
49 0 50
50 0 50
50 0 49
49 0 50
50 0 70
70 0 70
70 0 71
71 0 71
71 0 71
71 0 92
92 0 91
91 0 92
92 0 92
92 0 91
91 0 91
91 0 112
112 0 112
112 0 113
113 1 92
92 0 92
92 0 112
112 0 112
112 0 113
113 0 113
113 0 113
113 0 134
134 0 134
134 0 134
134 0 134
134 0 155
155 0 155
155 0 154
154 0 155
155 0 155
155 0 176
176 0 176
176 0 175
