298
8 0 9
9 1 10
10 0 11
11 0 6
6 0 9
9 1 11
11 0 7
7 0 9
9 0 6
6 1 7
7 0 9
9 0 10
10 1 11
11 0 13
13 0 10
10 0 7
7 0 8
8 1 10
10 0 11
11 0 13
13 0 10
10 1 12
12 0 12
12 0 10
10 0 7
7 0 9
9 1 11
11 0 7
7 0 9
9 0 11
11 0 8
8 1 10
10 0 11
11 0 8
8 0 6
6 0 8
8 1 10
10 0 7
7 0 8
8 0 5
5 0 7
7 1 9
9 0 11
11 0 13
13 0 10
10 0 11
11 0 8
8 1 11
11 0 13
13 0 10
10 0 8
8 0 5
5 0 7
7 1 9
9 0 10
10 0 8
8 0 9
9 0 10
10 1 12
12 0 9
9 0 6
6 0 8
8 1 10
10 0 11
11 0 13
13 0 11
11 0 8
8 0 10
10 1 12
12 0 10
10 0 7
7 0 9
9 0 10
10 0 12
12 1 13
13 0 10
10 0 11
11 0 8
8 0 5
5 0 28
28 1 9
9 0 6
6 0 8
8 0 5
5 1 7
7 0 8
8 0 10
10 0 11
11 1 13
13 0 15
15 0 11
11 0 8
8 1 9
9 0 12
12 0 9
9 0 11
11 1 12
12 0 10
10 0 11
11 0 8
8 1 9
9 0 10
10 0 32
32 0 31
31 0 31
31 0 52
52 1 31
31 0 30
30 0 52
52 0 51
51 1 52
52 0 51
51 0 52
52 0 73
73 0 73
73 1 73
73 0 73
73 0 73
73 0 94
94 0 94
94 1 74
74 0 94
94 0 94
94 0 94
94 0 115
115 1 94
94 0 94
94 0 115
115 0 115
115 0 114
114 0 135
135 0 136
136 1 115
115 0 136
136 0 136
136 0 136
136 1 136
136 0 136
136 0 157
157 0 157
157 0 157
157 0 178
178 1 157
157 0 157
157 0 178
178 0 178
178 1 157
157 0 178
178 0 178
7 0 9
9 1 9
9 0 11
11 0 8
8 1 10
10 0 7
7 0 10
10 0 7
7 1 9
9 0 11
11 0 8
8 0 6
6 0 8
8 1 10
10 0 11
11 0 13
13 0 10
10 0 7
7 1 9
9 0 11
11 0 8
8 0 9
9 0 11
11 1 13
13 0 10
10 0 8
8 0 10
10 0 7
7 1 9
9 0 10
10 0 12
12 0 9
9 1 11
11 0 13
13 0 9
9 0 7
7 0 8
8 1 10
10 0 7
7 0 9
9 0 6
6 1 7
7 0 9
9 0 11
11 0 11
11 0 13
13 1 15
15 0 12
12 0 8
8 0 10
10 1 12
12 0 9
9 0 11
11 0 8
8 1 9
9 0 11
11 0 8
8 0 9
9 0 10
10 1 12
12 0 8
8 0 10
10 0 8
8 1 10
10 0 11
11 0 8
8 0 9
9 0 11
11 1 13
13 0 10
10 0 11
11 0 9
9 1 10
10 0 11
11 0 13
13 0 10
10 0 11
11 1 14
14 0 10
10 0 12
12 0 8
8 1 10
10 0 7
7 0 9
9 0 6
6 1 7
7 0 9
9 0 6
6 0 7
7 1 9
9 0 11
11 0 8
8 0 9
9 1 11
11 0 13
13 0 9
9 0 6
6 1 8
8 0 11
11 0 9
9 0 31
31 1 11
11 0 10
10 0 31
31 0 30
30 0 31
31 0 51
51 1 31
31 0 32
32 0 52
52 0 51
51 0 51
51 0 73
73 1 52
52 0 52
52 0 73
73 0 73
73 1 52
52 0 73
73 0 74
74 0 73
73 0 94
94 0 94
94 1 73
73 0 94
94 0 94
94 0 94
94 0 115
115 1 94
94 0 115
115 0 115
115 0 115
115 0 136
136 1 115
115 0 115
115 0 136
136 0 136
136 0 136
136 0 157
157 1 136
136 0 157
157 0 157
157 1 157
157 0 157
157 0 157
157 0 178
178 0 178
178 1 157
157 0 178
