298
12 1 14
14 0 11
11 1 14
14 0 11
11 1 14
14 0 12
12 0 9
9 1 12
12 0 10
10 0 9
9 1 12
12 0 14
14 0 12
12 1 15
15 0 12
12 0 11
11 1 13
13 0 11
11 0 13
13 1 16
16 0 14
14 0 12
12 1 14
14 0 13
13 0 11
11 1 14
14 0 12
12 0 9
9 0 33
33 1 15
15 0 13
13 0 10
10 1 13
13 0 11
11 0 31
31 1 13
13 0 11
11 0 9
9 1 11
11 0 10
10 0 12
12 0 31
31 1 13
13 0 16
16 0 14
14 1 16
16 0 14
14 0 12
12 1 15
15 0 13
13 0 11
11 0 30
30 1 13
13 0 10
10 1 12
12 0 11
11 0 13
13 1 15
15 0 13
13 0 11
11 0 10
10 1 12
12 0 10
10 0 13
13 1 15
15 0 14
14 0 12
12 1 15
15 0 13
13 0 12
12 0 10
10 1 12
12 0 14
14 1 16
16 0 14
14 0 12
12 1 14
14 0 12
12 0 10
10 1 13
13 0 10
10 0 9
9 1 12
12 0 10
10 0 8
8 0 10
10 1 13
13 0 15
15 0 14
14 1 17
17 0 15
15 0 13
13 0 10
10 1 14
14 0 12
12 1 15
15 0 13
13 0 12
12 1 13
13 0 11
11 0 31
31 1 12
12 0 35
35 0 34
34 1 35
35 0 34
34 0 33
33 0 54
54 1 34
34 0 54
54 0 54
54 0 75
75 1 54
54 0 76
76 0 75
75 0 75
75 1 76
76 0 75
75 0 97
97 1 76
76 0 97
97 0 97
97 0 96
96 1 97
97 0 96
96 0 117
117 1 96
96 0 117
117 0 117
117 0 138
138 1 117
117 0 117
117 0 138
138 0 138
138 1 139
139 0 138
138 0 159
159 1 139
139 0 159
159 0 159
159 0 159
159 1 159
159 0 159
159 0 180
180 1 160
160 0 181
181 0 181
181 0 201
201 1 181
11 1 14
14 0 12
12 1 16
16 0 14
14 0 11
11 0 9
9 1 14
14 0 12
12 0 10
10 1 13
13 0 11
11 0 10
10 1 13
13 0 11
11 0 13
13 1 16
16 0 14
14 0 12
12 0 10
10 1 13
13 0 11
11 0 13
13 1 16
16 0 14
14 0 12
12 0 11
11 1 14
14 0 12
12 0 10
10 1 12
12 0 15
15 0 13
13 0 12
12 1 15
15 0 12
12 0 11
11 1 14
14 0 11
11 0 10
10 1 12
12 0 10
10 0 8
8 1 11
11 0 14
14 0 15
15 1 18
18 0 16
16 0 14
14 0 32
32 1 15
15 0 12
12 0 10
10 1 14
14 0 12
12 0 10
10 1 13
13 0 11
11 0 13
13 1 15
15 0 13
13 0 10
10 1 13
13 0 12
12 0 11
11 1 13
13 0 11
11 0 13
13 1 16
16 0 14
14 0 12
12 1 14
14 0 13
13 0 11
11 1 13
13 0 15
15 0 14
14 1 16
16 0 14
14 0 33
33 1 15
15 0 13
13 0 11
11 0 9
9 1 12
12 0 11
11 0 9
9 1 12
12 0 10
10 0 12
12 0 10
10 1 13
13 0 11
11 0 14
14 0 12
12 1 16
16 0 14
14 0 11
11 0 10
10 1 13
13 0 12
12 1 14
14 0 12
12 0 32
32 1 13
13 0 33
33 0 34
34 0 55
55 0 54
54 1 34
34 0 54
54 0 54
54 0 75
75 1 55
55 0 76
76 0 75
75 1 55
55 0 75
75 0 75
75 1 76
76 0 76
76 0 76
76 0 97
97 0 97
97 0 97
97 1 97
97 0 97
97 0 117
117 1 97
97 0 117
117 1 97
97 0 118
118 0 117
117 0 117
117 0 138
138 1 117
117 0 139
139 0 139
139 1 139
139 0 139
139 0 160
160 0 160
160 1 139
139 0 160
160 0 160
160 1 160
160 0 160
160 0 181
181 0 181
181 0 201
