298
18 0 18
18 0 17
17 0 17
17 0 17
17 0 16
16 0 15
15 0 14
14 0 14
14 0 14
14 0 14
14 0 14
14 0 17
17 0 17
17 0 16
16 0 16
16 0 15
15 0 15
15 0 14
14 1 18
18 0 17
17 0 17
17 0 16
16 0 16
16 0 16
16 0 15
15 0 15
15 0 14
14 0 13
13 0 17
17 0 17
17 0 17
17 0 16
16 0 16
16 0 15
15 0 15
15 0 14
14 0 14
14 0 13
13 0 13
13 0 13
13 1 17
17 0 16
16 0 15
15 0 19
19 0 18
18 0 18
18 0 17
17 0 17
17 0 16
16 0 16
16 0 16
16 0 16
16 0 15
15 0 14
14 0 14
14 0 13
13 0 16
16 0 16
16 0 16
16 0 15
15 0 15
15 0 14
14 0 14
14 1 18
18 0 17
17 0 17
17 0 16
16 0 16
16 0 15
15 0 15
15 0 15
15 0 14
14 0 18
18 0 18
18 0 17
17 0 17
17 0 16
16 0 16
16 0 15
15 0 15
15 0 14
14 0 14
14 0 13
13 0 13
13 0 12
12 1 16
16 0 15
15 0 19
19 0 19
19 0 18
18 0 18
18 0 17
17 0 17
17 0 16
16 0 16
16 0 15
15 0 15
15 0 15
15 0 15
15 0 15
15 0 14
14 0 35
35 0 37
37 0 37
37 0 37
37 0 36
36 0 57
57 0 57
57 0 57
57 0 57
57 0 57
57 0 78
78 0 78
78 1 57
57 0 57
57 0 57
57 0 57
57 0 78
78 0 79
79 0 78
78 0 78
78 0 99
99 0 99
99 0 99
99 0 99
99 0 120
120 0 120
120 0 120
120 0 120
120 0 141
141 0 141
141 1 120
120 0 120
120 0 120
120 0 141
141 0 141
141 0 141
141 0 141
141 0 162
162 0 162
162 0 162
162 0 162
162 0 162
162 0 183
183 0 183
183 1 162
162 0 162
162 0 183
183 0 183
18 0 18
18 0 18
18 0 17
17 0 17
17 0 17
17 0 16
16 0 15
15 0 15
15 0 15
15 0 15
15 0 15
15 0 15
15 0 14
14 0 14
14 0 17
17 0 17
17 0 16
16 0 16
16 0 15
15 0 15
15 0 15
15 1 18
18 0 17
17 0 17
17 0 16
16 0 16
16 0 16
16 0 15
15 0 14
14 0 14
14 0 18
18 0 17
17 0 17
17 0 16
16 0 16
16 0 16
16 0 15
15 0 14
14 0 14
14 0 14
14 0 13
13 0 13
13 0 12
12 1 16
16 0 19
19 0 19
19 0 19
19 0 18
18 0 18
18 0 17
17 0 16
16 0 16
16 0 15
15 0 15
15 0 15
15 0 14
14 0 14
14 0 17
17 0 17
17 0 16
16 0 16
16 0 15
15 0 15
15 0 15
15 0 14
14 0 14
14 1 17
17 0 17
17 0 16
16 0 16
16 0 16
16 0 15
15 0 15
15 0 15
15 0 18
18 0 18
18 0 18
18 0 17
17 0 17
17 0 17
17 0 16
16 0 16
16 0 15
15 0 14
14 0 14
14 0 13
13 0 13
13 0 12
12 1 16
16 0 15
15 0 15
15 0 14
14 0 19
19 0 18
18 0 18
18 0 17
17 0 17
17 0 16
16 0 15
15 0 15
15 0 15
15 0 35
35 0 35
35 0 35
35 0 35
35 0 37
37 0 37
37 0 57
57 0 57
57 0 57
57 0 57
57 1 58
58 0 57
57 0 57
57 0 57
57 0 57
57 0 78
78 0 78
78 0 78
78 0 78
78 0 99
99 1 79
79 0 79
79 0 79
79 0 78
78 0 99
99 0 99
99 0 99
99 0 99
99 0 120
120 0 120
120 0 120
120 0 120
120 0 120
120 0 141
141 0 141
141 1 120
120 0 120
120 0 120
120 0 141
141 0 141
141 0 141
141 0 141
141 0 141
141 0 141
141 0 162
162 0 162
162 0 162
162 0 162
