298
19 0 19
19 0 18
18 0 18
18 0 18
18 0 18
18 0 17
17 0 17
17 0 17
17 0 17
17 0 17
17 0 17
17 1 20
20 0 19
19 0 19
19 0 19
19 0 19
19 0 19
19 0 18
18 0 18
18 0 18
18 0 18
18 0 17
17 0 17
17 0 17
17 0 17
17 0 16
16 0 16
16 0 15
15 1 20
20 0 19
19 0 19
19 0 19
19 0 19
19 0 19
19 0 18
18 0 18
18 0 18
18 0 17
17 0 17
17 0 17
17 0 17
17 0 16
16 0 16
16 1 20
20 0 19
19 0 19
19 0 19
19 0 18
18 0 18
18 0 18
18 0 18
18 0 18
18 0 17
17 0 17
17 0 17
17 0 17
17 1 20
20 0 19
19 0 19
19 0 19
19 0 19
19 0 18
18 0 18
18 0 18
18 0 17
17 0 17
17 0 17
17 0 17
17 0 17
17 0 16
16 0 16
16 0 16
16 1 20
20 0 20
20 0 19
19 0 19
19 0 19
19 0 18
18 0 18
18 0 18
18 0 18
18 0 17
17 0 17
17 0 17
17 0 16
16 0 16
16 0 16
16 1 20
20 0 19
19 0 19
19 0 19
19 0 18
18 0 18
18 0 18
18 0 18
18 0 17
17 0 17
17 0 17
17 0 17
17 0 17
17 0 38
38 0 38
38 1 19
19 0 18
18 0 39
39 0 39
39 0 39
39 0 39
39 0 39
39 0 60
60 0 59
59 0 59
59 0 59
59 0 80
80 0 80
80 0 80
80 0 80
80 0 101
101 1 81
81 0 81
81 0 81
81 0 102
102 0 102
102 0 101
101 0 101
101 0 122
122 0 122
122 0 122
122 0 122
122 0 122
122 0 143
143 0 143
143 0 143
143 1 123
123 0 144
144 0 144
144 0 144
144 0 144
144 0 164
164 0 164
164 0 164
164 0 164
164 0 164
164 1 165
165 0 165
165 0 165
165 0 165
165 0 186
186 0 186
19 0 19
19 0 19
19 0 18
18 0 18
18 0 18
18 0 18
18 0 17
17 0 17
17 0 17
17 0 17
17 0 17
17 0 17
17 0 17
17 0 16
16 1 20
20 0 20
20 0 19
19 0 19
19 0 19
19 0 18
18 0 18
18 0 18
18 0 18
18 0 17
17 0 17
17 0 17
17 0 17
17 0 16
16 0 16
16 0 16
16 1 20
20 0 20
20 0 19
19 0 19
19 0 19
19 0 19
19 0 18
18 0 18
18 0 18
18 0 17
17 0 17
17 0 17
17 0 17
17 0 17
17 1 20
20 0 19
19 0 19
19 0 19
19 0 19
19 0 18
18 0 18
18 0 18
18 0 17
17 0 17
17 0 17
17 0 17
17 0 16
16 1 20
20 0 19
19 0 19
19 0 19
19 0 19
19 0 19
19 0 18
18 0 18
18 0 18
18 0 18
18 0 17
17 0 17
17 0 17
17 0 17
17 0 16
16 0 16
16 0 16
16 1 20
20 0 20
20 0 19
19 0 19
19 0 19
19 0 19
19 0 19
19 0 18
18 0 18
18 0 18
18 0 17
17 0 17
17 0 17
17 0 16
16 0 16
16 0 16
16 0 15
15 0 15
15 1 20
20 0 19
19 0 19
19 0 19
19 0 19
19 0 18
18 0 18
18 0 18
18 0 18
18 0 17
17 0 38
38 0 38
38 0 38
38 1 19
19 0 39
39 0 39
39 0 39
39 0 39
39 0 39
39 0 60
60 0 60
60 0 60
60 0 60
60 0 80
80 0 80
80 0 80
80 0 80
80 1 60
60 0 81
81 0 81
81 0 81
81 0 81
81 0 102
102 0 102
102 0 102
102 0 102
102 0 122
122 0 122
122 0 122
122 0 122
122 0 143
143 0 143
143 0 143
143 1 123
123 0 123
123 0 144
144 0 144
144 0 144
144 0 144
144 0 164
164 0 164
164 0 164
164 0 185
185 1 165
165 0 165
165 0 165
165 0 165
